FID IID CEU YRI NAM
M012 NA19663 0.302706752833193 0.0317036620773626 0.665589585089445
M012 NA19664 0.302566263931816 0.0263026443133215 0.671131091754863
M012 NA19665 0.283350504199057 0.0223845649527021 0.694264930848241
M016 NA19722 0.357122787299803 0.101386157160251 0.541491055539946
M016 NA19723 0.426664793481315 0.0502013674253067 0.523133839093378
M001 NA19649 0.675892104523743 0.0317504917111548 0.292357403765103
M002 NA19669 0.57923574037651 0.0876962942149792 0.333067965408511
M006 NA19656 0.387359120851675 0.225359807686304 0.387281071462021
M007 NA19657 0.4263525959227 0.00978739346258312 0.563860010614717
M007 NA19658 0.600668102775436 0.123021447972277 0.276310449252287
M011 NA19686 0.432253129780525 0.0505603946177141 0.517186475601761
M015 NA19719 0.441634666416909 0.125222440760513 0.433142892822578
M015 NA19720 0.562782929037495 0.0121757047859886 0.425041366176516
M016 NA19724 0.574818144922107 0.042677406262683 0.38250444881521
M017 NA19726 0.298070619087759 0.0058068745902407 0.696122506322001
M023 NA19747 0.431066779057788 0.0702756704442571 0.498657550497955
M027 NA19759 0.215041678374075 0.104071056164341 0.680887265461584
M033 NA19773 0.671771096750023 0.0253660516374762 0.3028628516125
M035 NA19780 0.674362336486529 0.0496081920639381 0.276029471449533
M004 NA19675 0.916034466610471 0.00900689956604539 0.0749586338234835
M004 NA19676 0.819034685148762 0.0236645749430239 0.157300739908214
M004 NA19677 0.83988948206425 0.0362929661890044 0.123817551746745
M005 NA19651 0.627548312572196 0.0012019606006681 0.371249726827136
M005 NA19653 0.647575785957354 0.0732883768848928 0.279135837157753
M010 NA19683 0.713824107895476 0 0.286175892104524
M011 NA19684 0.748930723361743 0.0226967625113172 0.22837251412694
M017 NA19725 0.80823264962068 0.0354812525366052 0.156286097842715
M017 NA19727 0.538244200930349 0.0181386781555368 0.443617120914114
M026 NA19755 0.219599762729855 0.0972339296306703 0.683166307639474
M026 NA19756 0.569042490087728 0.0520745527769973 0.378882957135275
M026 NA19757 0.257859573538135 0.0942368330679654 0.6479035933939
M031 NA19772 0.322827885485935 0.0300958446504948 0.64707626986357
M033 NA19774 0.456698198620087 0.158362211607505 0.384939589772408
M033 NA19775 0.550763323030814 0.122069245418501 0.327167431550685
M034 NA19776 0.182932159470513 0.370718990977491 0.446348849551996
M034 NA19777 0.417938871718023 0.187302925291124 0.394758202990853
M034 NA19778 0.383675189660017 0.304361399893853 0.31196341044613
M036 NA19783 0.371358995972651 0.0120976553963348 0.616543348631014
M036 NA19784 0.362960881645906 0.0832943086385065 0.553744809715588
M039 NA19796 0.735178420904748 0.0400861665261778 0.224735412569074
M001 NA19650 0.786347600761762 0.0372919983765727 0.176360400861665
M002 NA19671 0.46937341949986 0.0323280571945927 0.498298523305548
M008 NA19661 0.476148106521807 0.029128032218788 0.494723861259405
M010 NA19682 0.57282008054697 0 0.42717991945303
M031 NA19771 0.471152945583966 0.0241016515250851 0.504745402890949
M032 NA19785 0.257906403171927 0.0438169273516281 0.698276669476445
M035 NA19779 0.596078798663794 0.012722050513565 0.391199150822641
M035 NA19781 0.574256189316599 0.0274577752801973 0.398286035403203
M036 NA19782 0.539898847991009 0.11915019824545 0.340950953763542
M037 NA19788 0.181698979113983 0.0452062064874653 0.773094814398551
M007 NA19659 0.593393899659705 0.0150479223252474 0.391558178015048
M008 NA19660 0.415129093690487 0.0279104617401892 0.556960444569323
M008 NA19662 0.496409728075926 0.0184508757141519 0.485139396209922
M009 NA19678 0.744294589616309 0.0451905966095345 0.210514813774156
M009 NA19680 0.824560581936249 0.0346851487621367 0.140754269301614
M010 NA19681 0.652399238237957 0.00942836627017577 0.338172395491867
M023 NA19746 0.171880365895539 0.00949080578189879 0.818628828322563
M015 NA19721 0.594205613312104 0.135868377509288 0.269926009178608
M023 NA19748 0.340950953763542 0.0531204145983578 0.605928631638101
M027 NA19760 0.245153132902501 0.00516686959507977 0.74967999750242
M014 NA19718 0.345040741781399 0.0609097436858044 0.594049514532796
M032 NA19787 0.373122912178827 0.0304860915987637 0.59639099622241
M037 NA19790 0.436858043770098 0.0294714495332647 0.533670506696638
M039 NA19794 0.76293278386563 0.0439574162530049 0.193109799881365
M039 NA19795 0.608129624426337 0.0716025100683713 0.320267865505292
M006 NA19654 0.338250444881521 0.187661952483532 0.474087602634947
M024 NA19749 0.634385439105866 0.0237582342106085 0.341856326683525
M024 NA19751 0.824263994255565 0.0183416065686366 0.157394399175798
M028 NA19761 0.437357559863882 0.0434891199150823 0.519153320221036
M028 NA19762 0.23232181324342 0.209312853173488 0.558365333583091
M028 NA19763 0.461599700290344 0.100309075583029 0.438091224126627
M031 NA19770 0.421466704130374 0.0249914145671381 0.553541881302488
M002 NA19670 0.414208110892573 0.0590521682120446 0.526739720895383
M014 NA19716 0.273953357684743 0.00376198058131185 0.722284661733945
M024 NA19750 0.838828010364959 0.0245699478630077 0.136602041772033
M037 NA19789 0.559348755892729 0.114123817551747 0.326527426555524
M011 NA19685 0.340748025350442 0.0393681121413631 0.619883862508195
M009 NA19679 0.922434516562081 0.00160781742686772 0.0759576660110518
M005 NA19652 0.679451156691955 0.124145359183291 0.196403484124754
M032 NA19786 0.361337454341107 0 0.638662545658893
2382 NA19672 0.582732353032999 0.0512784490025288 0.365989197964472
2394 NA19737 0.605663263713278 0.0260841060222909 0.368252630264431
2395 NA19740 0.260575692298086 0.00418344728544223 0.735240860416472
2395 NA19741 0.288611033061721 0.0370422403296806 0.674346726608598
2414 NA19792 0.63486934532172 0.0500140488901377 0.315116605788143
2405 NA19764 0.436779994380444 0 0.563220005619556
