FID IID CEU YRI NAM
M012 NA19663 0.495799173385731 0.0282539467443594 0.47594687986991
M012 NA19664 0.334406125076225 0.0435835761230436 0.622010298800732
M012 NA19665 0.472643810556271 0.0515956365607426 0.475760552882987
M016 NA19722 0.564316688122502 0.0355376380513585 0.40014567382614
M016 NA19723 0.57995121620706 0.0121112541500102 0.40793752964293
M001 NA19649 0.707212548275628 0.00872349075140592 0.284063960972966
M002 NA19669 0.515414323463649 0.0341147774239447 0.450470899112406
M006 NA19656 0.618232942611288 0.037570296090521 0.344196761298191
M007 NA19657 0.184057185446168 0.162934480655871 0.653008333897961
M007 NA19658 0.76502473067281 0 0.23497526932719
M011 NA19686 0.608527000474287 0.0441425570838133 0.3473304424419
M015 NA19719 0.510502066535673 0.0380445829663256 0.451453350498001
M015 NA19720 0.322921607154956 0.0421945931296158 0.634883799715428
M016 NA19724 0.694711701334779 0.0231214851954739 0.282166813469747
M017 NA19726 0.60148045260519 0.0817636696253134 0.316755877769497
M023 NA19747 0.350379429500644 0.0262212887051968 0.623399281794159
M027 NA19759 0.302171556338505 0 0.697828443661495
M033 NA19773 0.617199674774714 0.00521715563385053 0.377583169591436
M035 NA19780 0.281421505522054 0.0550342164103259 0.66354427806762
M004 NA19675 0.817941594959008 0.0136526864963751 0.168405718544617
M004 NA19676 0.567552002168169 0.0693136391354428 0.363134358696389
M004 NA19677 0.667507961243987 0.0130937055356054 0.319398333220408
M005 NA19651 0.624246222643811 0.15990243241412 0.215851344942069
M005 NA19653 0.823666915102649 0 0.176333084897351
M010 NA19683 0.489142218307473 0.00504776746392032 0.505810014228606
M011 NA19684 0.564503015109425 0 0.435496984890575
M017 NA19725 0.645978724845857 0.00113490073853242 0.352886374415611
M017 NA19727 0.63456196219256 0.0550680940443119 0.310369943763128
M026 NA19755 0.321193847821668 0.172843688596788 0.505962463581544
M026 NA19756 0.52534047022156 0.0377566230774443 0.436902906700996
M026 NA19757 0.426570228335253 0.178026966596653 0.395402805068094
M031 NA19772 0.655159563656074 0.0243072023849854 0.32053323395894
M033 NA19774 0.429686970661969 0.119740497323667 0.450572532014364
M033 NA19775 0.76104410867945 0.00465817467308083 0.234297716647469
M034 NA19776 0.495358764143912 0.13293583576123 0.371705400094857
M034 NA19777 0.528863744156108 0.14089707974795 0.330239176095941
M034 NA19778 0.741395080967545 0.0289484382410732 0.229656480791382
M036 NA19783 0.124229283826818 0 0.875770716173182
M036 NA19784 0.438274950877431 0.0245104681889017 0.537214580933668
M039 NA19796 0.677772884341758 0.0651636289721526 0.25706348668609
M001 NA19650 0.807236262619419 0 0.192763737380581
M002 NA19671 0.481621383562572 0.0828985703638458 0.435480046073582
M008 NA19661 0.360220882173589 0.0703977234229961 0.569381394403415
M010 NA19682 0.639914628362355 0.00819838742462226 0.351886984213023
M031 NA19771 0.471813808523613 0.00550511552273189 0.522681075953655
M032 NA19785 0.365336404905481 0.0635205637238295 0.571143031370689
M035 NA19779 0.734924452876211 0.0856426587167152 0.179432888407074
M035 NA19781 0.48390812385663 0.107222711565824 0.408869164577546
M036 NA19782 0.398807507283691 0.130716850735145 0.470475641981164
M037 NA19788 0.177705129073785 0.0655532217629921 0.756741649163222
M007 NA19659 0.43524290263568 0.088623890507487 0.476133206856833
M008 NA19660 0.529930889626668 0.0184463717054001 0.451622738667931
M008 NA19662 0.551307676671861 0.0649603631682363 0.383731960159902
M009 NA19678 0.617911105088421 0.108848837997154 0.273240056914425
M009 NA19680 0.746883257673284 0.0608950470899112 0.192221695236805
M010 NA19681 0.33970797479504 0.00411613252930415 0.656175892675656
M023 NA19746 0.161901212819297 0 0.838098787180703
M015 NA19721 0.406260586760621 0.0801883596449624 0.513551053594417
M023 NA19748 0.195304559929535 0.00437021478419947 0.800325225286266
M027 NA19760 0.260823904058541 0.0324378345416356 0.706738261399824
M014 NA19718 0.298072362626194 0.0314553831560404 0.670472254217765
M032 NA19787 0.558337285723965 0.0180059624635815 0.423656751812453
M037 NA19790 0.355749034487431 0.0468866454366827 0.597364320075886
M039 NA19794 0.828697743749576 0.0123314587709194 0.158970797479504
M039 NA19795 0.400077918558168 0.0688732298936242 0.531048851548208
M006 NA19654 0.574276712514398 0.0363507012670235 0.389372586218579
M024 NA19749 0.605986177925334 0.0047089911240599 0.389304830950606
M024 NA19751 0.654244867538451 0.00348939630056237 0.342265736160986
M028 NA19761 0.38657768141473 0.00360796801951352 0.609814350565757
M028 NA19762 0.254929195744969 0.201707432752897 0.543363371502134
M028 NA19763 0.40216139304831 0.029575174469815 0.568263432481875
M031 NA19770 0.681567179348194 0.0723965038281726 0.246036316823633
M002 NA19670 0.452825394674436 0.0815604038213971 0.465614201504167
M014 NA19716 0.43866454366827 0.103174334304492 0.458161122027238
M024 NA19750 0.531336811437089 0 0.468663188562911
M037 NA19789 0.405142624839081 0.0622501524493529 0.532607222711566
M011 NA19685 0.552069923436547 0.0453282742733248 0.402601802290128
M009 NA19679 0.896910359780473 0.0812893827495088 0.0218002574700183
M005 NA19652 0.842316552611966 0 0.157683447388034
M032 NA19786 0.511027169862457 0.0181075953655397 0.470865234772004
2382 NA19672 0.58051019716783 0.0745477335862863 0.344942069245884
2394 NA19737 0.654194051087472 0.00855410258147571 0.337251846331052
2395 NA19740 0.25201571922217 0.0185818822413443 0.729402398536486
2395 NA19741 0.10764618199065 0 0.89235381800935
2414 NA19792 0.659445084355309 0.0961447252523884 0.244410190392303
2405 NA19764 0.432261670844908 0.133172979199133 0.434565349955959
