FID IID CEU YRI NAM
M012 NA19663 0.193339878906889 0.255222822233132 0.551437298859979
M012 NA19664 0.607592865324824 0.0410734740631648 0.351333660612011
M012 NA19665 0.408443789887089 0.0922380406916489 0.499318169421262
M016 NA19722 0.666666666666667 0.0218185785196094 0.311514754813724
M016 NA19723 0.178612338406153 0.056646484481536 0.764741177112311
M001 NA19649 0.681339660721104 0.0160093819887634 0.302650957290133
M002 NA19669 0.632629684176076 0.00616374843178967 0.361206567392134
M006 NA19656 0.660039273441335 0 0.339960726558665
M007 NA19657 0.733349697267223 0.0536464299350897 0.213003872797687
M007 NA19658 0.516718485790651 0.00635466099383625 0.476926853215513
M011 NA19686 0.719113074783178 0.0596192658048328 0.221267659411989
M015 NA19719 0.389025255004636 0.0845469917634866 0.526427753231877
M015 NA19720 0.475617738504336 0.0574919543991709 0.466890307096493
M016 NA19724 0.434353351879125 0.0228822342224404 0.542764413898435
M017 NA19726 0.441853488245241 0.0135547919053074 0.544591719849452
M023 NA19747 0.7122947689958 0.0236731576937763 0.264032073310424
M027 NA19759 0.363770250368188 0.00201821851306387 0.634211531118748
M033 NA19773 0.824687721594938 0.0850106365570283 0.0903016418480336
M035 NA19780 0.716440298914526 0.0401461844760814 0.243413516609393
M004 NA19675 0.749522718594884 0.0370915834833361 0.21338569792178
M004 NA19676 0.584546991763487 0 0.415453008236513
M004 NA19677 0.691458026509573 0.0215458462881143 0.286996127202313
M005 NA19651 0.849069983090602 0.0179730540555283 0.13295696285387
M005 NA19653 0.620438553428244 0.0255822833142421 0.353979163257514
M010 NA19683 0.770359461081111 0.0262095674466808 0.203430971472209
M011 NA19684 0.700512736595211 0 0.299487263404789
M017 NA19725 0.445017182130584 0.00406371024927726 0.550919107620139
M017 NA19727 0.634756995581738 0.0169093983526973 0.348333606065565
M026 NA19755 0.399389079801451 0.00482736049746359 0.595783559701085
M026 NA19756 0.502263677521409 0.0146729940544374 0.483063328424153
M026 NA19757 0.550428189603447 0.0152730049637266 0.434298805432826
M031 NA19772 0.407871052200949 0.146484481536028 0.445644466263023
M033 NA19774 0.501472754050074 0 0.498527245949926
M033 NA19775 0.676048655430099 0.00736377025036819 0.316587574319533
M034 NA19776 0.414334806087383 0.133666066655757 0.451999127256859
M034 NA19777 0.482926962308406 0 0.517073037691594
M034 NA19778 0.62401134566083 0.0103638247968145 0.365624829542355
M036 NA19783 0.220994927180494 0 0.779005072819506
M036 NA19784 0.382943326242295 0 0.617056673757705
M039 NA19796 0.614438444335352 0.0247913598429062 0.360770195821742
M001 NA19650 0.86870670375825 0.00155457371952217 0.129738722522228
M002 NA19671 0.809551082746959 0.00529100529100529 0.185157911962036
M008 NA19661 0.493345333551519 0.0991381661484754 0.407516500300005
M010 NA19682 0.612229313260241 0.0381825124093165 0.349588174330442
M031 NA19771 0.388207058310151 0.131702394588993 0.480090547100856
M032 NA19785 0.180848742704413 0.0408280150548192 0.778323242240768
M035 NA19779 0.317923962253859 0.154039164348443 0.528036873397698
M035 NA19781 0.509081983308787 0.100229095074456 0.390688921616757
M036 NA19782 0.654530082365134 0.00870015818469427 0.336769759450172
M037 NA19788 0.396034473354061 0.0207003763704795 0.58326515027546
M007 NA19659 0.672830415098456 0.0502372770414008 0.276932307860143
M008 NA19660 0.452217313042055 0 0.547782686957945
M008 NA19662 0.375497736322479 0.0848469972181312 0.53965526645939
M009 NA19678 0.712622047673594 0.0214640266186658 0.26591392570774
M009 NA19680 0.729013254786451 0.0363552064582992 0.23463153875525
M010 NA19681 0.420144002618229 0.0057819233076965 0.574074074074074
M023 NA19746 0.37097038127966 0.112638411607484 0.516391207112857
M015 NA19721 0.54693721704031 0.080783286968854 0.372279495990836
M023 NA19748 0.529236895216277 0.0541100747286314 0.416653030055092
M027 NA19760 0.198521791305296 0.00201821851306387 0.79945999018164
M014 NA19718 0.391834396989036 0.085365188457972 0.522800414552992
M032 NA19787 0.101156384661539 0.0271095838106147 0.871734031527846
M037 NA19790 0.436589756177385 0.0639011618393062 0.499509081983309
M039 NA19794 0.767795778105057 0.0224185894288987 0.209785632466045
M039 NA19795 0.627747777232313 0.0501827305951017 0.322069492172585
M006 NA19654 0.48099056346479 0.00452735504281896 0.514482081492391
M024 NA19749 0.680903289150712 0.0294005345551737 0.289696176294114
M024 NA19751 0.667266677575956 0.0159275623193149 0.316805760104729
M028 NA19761 0.525991381661485 0 0.474008618338515
M028 NA19762 0.390225276823215 0.00938198876343206 0.600392734413353
M028 NA19763 0.509818360333824 0.0120547646320842 0.478126875034092
M031 NA19770 0.491736213385698 0.0417553046419026 0.4665084819724
M002 NA19670 0.476735940653466 0.00755468281241477 0.515709376534119
M014 NA19716 0.481072383134239 0.0111274750450008 0.50780014182076
M024 NA19750 0.738858888343424 0.0337097038127966 0.227431407843779
M037 NA19789 0.458626520482191 0.0430098729067801 0.498363606611029
M011 NA19685 0.545709921998582 0.0581465117547592 0.396143566246659
M009 NA19679 0.884197894507173 0.0532373315878471 0.0625647739049801
M005 NA19652 0.63516609392898 0.0179185076092293 0.34691539846179
M032 NA19786 0.230267823051328 0.0120002181857852 0.757731958762887
2382 NA19672 0.437762504772814 0.00310914743904435 0.559128347788142
2394 NA19737 0.646893579883271 0.000109092892598047 0.352997327224131
2395 NA19740 0.155948289968909 0.0048546337206131 0.839197076310478
2395 NA19741 0.148966344842633 0 0.851033655157367
2414 NA19792 0.711503845524464 0.141602574592265 0.146893579883271
2405 NA19764 0.383897889052528 0.0397643593519882 0.576337751595484
