FID IID CEU YRI NAM
M012 NA19663 0.242550401073596 0.0157836947570683 0.741665904169335
M012 NA19664 0.295421966023119 0.130707292524476 0.573870741452405
M012 NA19665 0.134702778540275 0.101488394790618 0.763808826669107
M016 NA19722 0.300988196541312 0.0289443986946046 0.670067404764083
M016 NA19723 0.371900448348431 0.085064202275292 0.543035349376277
M001 NA19649 0.48691554579559 0.125217311739409 0.387867142465001
M002 NA19669 0.837313569402507 0 0.162686430597493
M006 NA19656 0.516164943422698 0.00292798975203587 0.480907066825266
M007 NA19657 0.46771586299448 0 0.53228413700552
M007 NA19658 0.880226919205783 0.0251166620916827 0.0946564187025345
M011 NA19686 0.537301369445207 0.0282124012565956 0.434486229298197
M015 NA19719 0.83308933418733 0.0374538689114588 0.129456796901211
M015 NA19720 0.240369658706195 0.00388873638942264 0.755741604904383
M016 NA19724 0.256412602555891 0.0695397566108519 0.674047640833257
M017 NA19726 0.414935797724708 0.00181474364839723 0.583249458626895
M023 NA19747 0.570424253515113 0.131119041083356 0.298456705401531
M027 NA19759 0.193247323634367 0.0412968554610059 0.765455820904627
M033 NA19773 0.400402598590905 0.131073291243481 0.468524110165614
M035 NA19780 0.631088541190106 0.11960533138134 0.249306127428554
M004 NA19675 0.8999756000854 0.00768597309909415 0.0923384268155061
M004 NA19676 0.546527587153445 0.014121450574923 0.439350962271632
M004 NA19677 0.71754048860829 0.0189861835483576 0.263473327843353
M005 NA19651 0.79757220849727 0.00947021685424101 0.192957574648489
M005 NA19653 0.628770549303077 0.0412358556745051 0.329993595022417
M010 NA19683 0.517079940220209 0.02081617714338 0.462103882636411
M011 NA19684 0.707765272821545 0.00587122945069692 0.286363497727758
M017 NA19725 0.722984719553482 0.0452618415835545 0.231753438862964
M017 NA19727 0.386235398176106 0.0548083081709214 0.558956293652972
M026 NA19755 0.469195107817123 0.0247811632659286 0.506023728916949
M026 NA19756 0.542333851831519 0.0716899990850032 0.385976149083478
M026 NA19757 0.413197303809437 0.0833104584133956 0.503492237777168
M031 NA19772 0.71792173727392 0.0221124226065209 0.25996584011956
M033 NA19774 0.551621069326257 0.0418153536462622 0.40656357702748
M033 NA19775 0.489919785280752 0.134840028059902 0.375240186659347
M034 NA19776 0.517506938725714 0.0197944307194925 0.462698630554793
M034 NA19777 0.486488547290085 0.0887394394119621 0.424772013297953
M034 NA19778 0.567282764510324 0.0995364016225943 0.333180833867081
M036 NA19783 0.290846982035563 0.0805197181809864 0.628633299783451
M036 NA19784 0.540183609357367 0.150532223137219 0.309284167505414
M039 NA19796 0.512001707994022 0.0609235367676213 0.427074755238357
M001 NA19650 0.694635068777259 0.0512245707140025 0.254140360508738
M002 NA19671 0.47918382285662 0.0102937139720011 0.510522463171379
M008 NA19661 0.252828865098972 0.173071644249245 0.574099490651783
M010 NA19682 0.571628999298502 0.00818922133772532 0.420181779363772
M031 NA19771 0.662686430597493 0.0498520755177357 0.287461493884771
M032 NA19785 0.445771189800836 0.022935919724281 0.531292890474883
M035 NA19779 0.539939610211364 0.0218074236740171 0.438252966114619
M035 NA19781 0.664196175313386 0.0678775124287065 0.267926312257907
M036 NA19782 0.438603714886998 0.152972214597249 0.408424070515753
M037 NA19788 0.268094061670784 0.0387806142678501 0.693125324061366
M007 NA19659 0.752722115472596 0.00408698569555007 0.243190898831854
M008 NA19660 0.734010430963492 0 0.265989569036508
M008 NA19662 0.519077683228109 0.146414737548419 0.334507579223473
M009 NA19678 0.752950864671974 0.0368438710464513 0.210205264281575
M009 NA19680 0.758989843535548 0.0739164912922805 0.167093665172172
M010 NA19681 0.448653429712996 0.11466434867478 0.436682221612224
M023 NA19746 0.430856742001403 0.020328178851374 0.548815079147223
M015 NA19721 0.522341171805899 0.0316893890871382 0.445969439106963
M023 NA19748 0.517323939366212 0.0659255192606826 0.416750541373105
M027 NA19760 0.0993534022630921 0.0405343581297465 0.860112239607161
M014 NA19718 0.521548174581389 0.0231341690304084 0.455317656388203
M032 NA19787 0.330069844755543 0.0185744349894775 0.651355720254979
M037 NA19790 0.478421325525361 0.108625369811206 0.412953304663434
M039 NA19794 0.636029523896666 0.0306218928233751 0.333348583279959
M039 NA19795 0.398465855369506 0.0963491627779303 0.505184981852564
M006 NA19654 0.305456430902492 0.00292798975203587 0.691615579345472
M024 NA19749 0.602937139720011 0.0603135389026138 0.336749321377375
M024 NA19751 0.764174825388111 0.058041296855461 0.177783877756428
M028 NA19761 0.476850581022966 0.0536798121206576 0.469469606856376
M028 NA19762 0.370649952725165 0.00414798548205081 0.625202061792784
M028 NA19763 0.325052612315857 0.0263824076615732 0.64856498002257
M031 NA19770 0.775414036050874 0.00320248879128923 0.221383475157837
M002 NA19670 0.512382956659652 0 0.487617043340348
M014 NA19716 0.621343825296611 0.0842102052642816 0.294445969439107
M024 NA19750 0.862902979839571 0.0160276939030713 0.121069326257358
M037 NA19789 0.505840729557447 0.0932076737731418 0.400951596669412
M011 NA19685 0.482127062555281 0.105895629365297 0.411977308079422
M009 NA19679 0.949461676884131 0.0379113673102144 0.0126269558056547
M005 NA19652 0.700125049562327 0.0845457040900357 0.215329246347638
M032 NA19786 0.152773965291121 0.0893494372769695 0.757876597431909
2382 NA19672 0.61060786287248 0.0747552383566658 0.314636898770854
2394 NA19737 0.596959160642938 0.121725073962241 0.281315765394821
2395 NA19740 0.256153353463263 0.181367615213347 0.56247903132339
2395 NA19741 0.164806173178394 0 0.835193826821606
2414 NA19792 0.704318784884253 0.0939701711044011 0.201711044011346
2405 NA19764 0.770122304571934 0.0406411077561229 0.189236587671943
