FID IID CEU YRI NAM
M012 NA19663 0.285384788478848 0.0576620162016202 0.656953195319532
M012 NA19664 0.252306480648065 0.0412353735373537 0.706458145814581
M012 NA19665 0.304511701170117 0 0.695488298829883
M016 NA19722 0.643620612061206 0.0138951395139514 0.342484248424842
M016 NA19723 0.725191269126913 0.0141764176417642 0.260632313231323
M001 NA19649 0.979016651665166 0.0209833483348335 0
M002 NA19669 0.846984698469847 0.0245837083708371 0.128431593159316
M006 NA19656 0.282178217821782 0.0151890189018902 0.702632763276328
M007 NA19657 0.34000900090009 0.110373537353735 0.549617461746175
M007 NA19658 0.667304230423042 0.031446894689469 0.301248874887489
M011 NA19686 0.459383438343834 0 0.540616561656166
M015 NA19719 0.177992799279928 0.185531053105311 0.636476147614761
M015 NA19720 0.29753600360036 0 0.70246399639964
M016 NA19724 0.759169666966697 0 0.240830333033303
M017 NA19726 0.348166066606661 0.0729072907290729 0.578926642664266
M023 NA19747 0.699313681368137 0.0338096309630963 0.266876687668767
M027 NA19759 0.0162016201620162 0 0.983798379837984
M033 NA19773 0.509957245724572 0.0638501350135014 0.426192619261926
M035 NA19780 0.480366786678668 0.00928217821782178 0.51035103510351
M004 NA19675 0.766482898289829 0 0.233517101710171
M004 NA19676 0.635463546354635 0 0.364536453645365
M004 NA19677 0.574257425742574 0 0.425742574257426
M005 NA19651 0.73458595859586 0 0.26541404140414
M005 NA19653 0.913478847884789 0 0.0865211521152115
M010 NA19683 0.14986498649865 0.141314131413141 0.708820882088209
M011 NA19684 0.534259675967597 0 0.465740324032403
M017 NA19725 0.357954545454545 0.0938343834383438 0.548211071107111
M017 NA19727 0.357560756075608 0.0630625562556256 0.579376687668767
M026 NA19755 0.373537353735374 0.0966471647164717 0.529815481548155
M026 NA19756 0.583483348334834 0.0382538253825383 0.378262826282628
M026 NA19757 0.390751575157516 0.0870274527452745 0.52222097209721
M031 NA19772 0.222603510351035 0 0.777396489648965
M033 NA19774 0.689862736273627 0.13293204320432 0.177205220522052
M033 NA19775 0.511813681368137 0.164997749774977 0.323188568856886
M034 NA19776 0.477216471647165 0.211802430243024 0.310981098109811
M034 NA19777 0.487398739873987 0 0.512601260126013
M034 NA19778 0.540616561656166 0.211183618361836 0.248199819981998
M036 NA19783 0.148683618361836 0 0.851316381638164
M036 NA19784 0.262376237623762 0.0578307830783078 0.67979297929793
M039 NA19796 0.53257200720072 0.0703757875787579 0.397052205220522
M001 NA19650 0.978116561656166 0.0218834383438344 0
M002 NA19671 0.821444644464446 0.0296467146714671 0.148908640864086
M008 NA19661 0.57043204320432 0.0263276327632763 0.403240324032403
M010 NA19682 0.421860936093609 0.0123199819981998 0.565819081908191
M031 NA19771 0.470803330333033 0 0.529196669666967
M032 NA19785 0.0527677767776778 0.0683505850585058 0.878881638163816
M035 NA19779 0.777396489648965 0.0123762376237624 0.210227272727273
M035 NA19781 0.689187668766877 0.0123762376237624 0.298436093609361
M036 NA19782 0.475641314131413 0.129500450045004 0.394858235823582
M037 NA19788 0.363017551755176 0.0706570657065707 0.566325382538254
M007 NA19659 0.402846534653465 0.0582808280828083 0.538872637263726
M008 NA19660 0.100753825382538 0.0371849684968497 0.862061206120612
M008 NA19662 0.325326282628263 0 0.674673717371737
M009 NA19678 0.676305130513051 0.0160891089108911 0.307605760576058
M009 NA19680 0.791797929792979 0.0393789378937894 0.168823132313231
M010 NA19681 0.33033303330333 0.160778577857786 0.508888388838884
M023 NA19746 0.442900540054005 0.128487848784878 0.428611611161116
M015 NA19721 0.442900540054005 0 0.557099459945995
M023 NA19748 0.885407290729073 0.0338096309630963 0.0807830783078308
M027 NA19760 0.0770139513951395 0 0.92298604860486
M014 NA19718 0.478341584158416 0 0.521658415841584
M032 NA19787 0.0342596759675968 0.102160216021602 0.863580108010801
M037 NA19790 0.345690819081908 0.0974347434743474 0.556874437443744
M039 NA19794 0.410553555355536 0.0649189918991899 0.524527452745275
M039 NA19795 0.659878487848785 0.00849459945994599 0.331626912691269
M006 NA19654 0.525596309630963 0 0.474403690369037
M024 NA19749 0.335846084608461 0 0.664153915391539
M024 NA19751 0.44211296129613 0.0109698469846985 0.546917191719172
M028 NA19761 0.353510351035104 0.0572682268226823 0.589221422142214
M028 NA19762 0.392945544554455 0.0516989198919892 0.555355535553555
M028 NA19763 0.508100810081008 0.117236723672367 0.374662466246625
M031 NA19770 0.101485148514851 0 0.898514851485149
M002 NA19670 0.570375787578758 0.08494599459946 0.344678217821782
M014 NA19716 0.508044554455445 0 0.491955445544554
M024 NA19750 0.603285328532853 0.0137826282628263 0.38293204320432
M037 NA19789 0.639907740774077 0.0632313231323132 0.296860936093609
M011 NA19685 0.408809630963096 0.0454545454545455 0.545735823582358
M009 NA19679 0.968609360936094 0 0.0313906390639064
M005 NA19652 0.758100810081008 0.0919216921692169 0.149977497749775
M032 NA19786 0.233292079207921 0.0891651665166517 0.677542754275428
2382 NA19672 0.103510351035104 0.0249212421242124 0.871568406840684
2394 NA19737 0.567394239423942 0.0263276327632763 0.406278127812781
2395 NA19740 0.328420342034203 0.00478172817281728 0.666797929792979
2395 NA19741 0.0483798379837984 0 0.951620162016202
2414 NA19792 0.783978397839784 0 0.216021602160216
2405 NA19764 0.346140864086409 0 0.653859135913591
