FID IID CEU YRI NAM
M012 NA19663 0.332598677619716 0.0251076938489281 0.642293628531356
M012 NA19664 0.572680825485875 0.0171809256661992 0.410138248847926
M012 NA19665 0.33212282107794 0.034224103386095 0.633653075535965
M016 NA19722 0.71955770386696 0.0626753155680224 0.217766980565017
M016 NA19723 0.281118513323983 0.101182127830094 0.617699358845923
M001 NA19649 0.61103736726107 0.0142882187938289 0.374674413945101
M002 NA19669 0.655004007212983 0.0651172109797636 0.279878781807253
M006 NA19656 0.571128030454819 0.0903250851532759 0.338546884391905
M007 NA19657 0.532733921057904 0.0135994790623122 0.453666599879784
M007 NA19658 0.719207072730916 0.0187462432378281 0.262046684031256
M011 NA19686 0.763211280304548 0.0666574834702464 0.170131236225205
M015 NA19719 0.4427469445001 0.137785513925065 0.419467541574835
M015 NA19720 0.206321378481266 0.0376803245842517 0.755998296934482
M016 NA19724 0.582811560809457 0.0851532758966139 0.332035163293929
M017 NA19726 0.238692145862553 0 0.761307854137447
M023 NA19747 0.65515427769986 0.0232919254658385 0.321553796834302
M027 NA19759 0.264851733119615 0.00623622520536967 0.728912041675015
M033 NA19773 0.508051993588459 0.0614105389701463 0.430537467441394
M035 NA19780 0.357192947305149 0 0.642807052694851
M004 NA19675 0.705294530154278 0.166662492486476 0.128042977359247
M004 NA19676 0.69481316369465 0.0393708675616109 0.265815968743739
M004 NA19677 0.774093368062512 0.0570026046884392 0.168904027249048
M005 NA19651 0.710428771789221 0.0373296934482068 0.252241534762573
M005 NA19653 0.650846523742737 0.0144885794429974 0.334664896814266
M010 NA19683 0.384116409537167 0.0821478661590864 0.533735724303747
M011 NA19684 0.744114405930675 0.0496769184532158 0.206208675616109
M017 NA19725 0.661002304147465 0.0937813063514326 0.245216389501102
M017 NA19727 0.488178721699058 0.0588308956121018 0.45299038268884
M026 NA19755 0.279352835103186 0.0898617511520737 0.630785413744741
M026 NA19756 0.555888098577439 0.0459201562813063 0.398191745141254
M026 NA19757 0.285188339010218 0.0997169905830495 0.615094670406732
M031 NA19772 0.559294229613304 0.0126352434381887 0.428070526948507
M033 NA19774 0.5168553396113 0.00499649368863955 0.47814816670006
M033 NA19775 0.621681526748147 0.0176818272891204 0.360636645962733
M034 NA19776 0.452877679823683 0.0765377679823683 0.470584552193949
M034 NA19777 0.42353736726107 0.061698557403326 0.514764075335604
M034 NA19778 0.458550390703266 0.0694249649368864 0.472024644359848
M036 NA19783 0.289796633941094 0.0183580444800641 0.691845321578842
M036 NA19784 0.329004708475255 0.133102083750751 0.537893207773993
M039 NA19796 0.64837958324985 0.00850280504908836 0.343117611701062
M001 NA19650 0.781794730514927 0.0164921859346824 0.201713083550391
M002 NA19671 0.579993989180525 0.00221648968142657 0.417789521138049
M008 NA19661 0.366497194950912 0.0794805650170307 0.554022240032058
M010 NA19682 0.554923862953316 0.0535338609497095 0.391542276096975
M031 NA19771 0.485937186936486 0.0163794830695251 0.497683329993989
M032 NA19785 0.337319675415748 0.00608595471849329 0.656594369865758
M035 NA19779 0.510932177920256 0.0136370466840313 0.475430775395712
M035 NA19781 0.461681025846524 0 0.538318974153476
M036 NA19782 0.507388298938089 0.160050591063915 0.332561109997996
M037 NA19788 0.187399819675416 0.261933981166099 0.550666199158485
M007 NA19659 0.54036014826688 0.0224403927068724 0.437199459026247
M008 NA19660 0.587319675415748 0.00722550591063915 0.405454818673612
M008 NA19662 0.529390402724905 0.0551993588459227 0.415410238429173
M009 NA19678 0.597976357443398 0.160388699659387 0.241634942897215
M009 NA19680 0.693648567421358 0.107167902224003 0.199183530354638
M010 NA19681 0.408785814466039 0.0726307353235825 0.518583450210379
M023 NA19746 0.134855239430976 0.106216189140453 0.758928571428571
M015 NA19721 0.3559156481667 0.00474604287717892 0.639338308956121
M023 NA19748 0.251828290923663 0.109309256661992 0.638862452414346
M027 NA19760 0.216164095371669 0.00462081747144861 0.779215087156882
M014 NA19718 0.236638449208575 0.1111625926668 0.652198958124624
M032 NA19787 0.556351432578642 0.0134617311160088 0.43018683630535
M037 NA19790 0.364681426567822 0.0945076137046684 0.540810959727509
M039 NA19794 0.768270386696053 0.0434156481667001 0.188313965137247
M039 NA19795 0.405417251051893 0.0321829292726908 0.562399819675416
M006 NA19654 0.369790623121619 0.0836505710278501 0.546558805850531
M024 NA19749 0.712294630334602 0.0914395912642757 0.196265778401122
M024 NA19751 0.826637948306952 0.0153526347425366 0.158009416950511
M028 NA19761 0.364405930675215 0.0877579643358044 0.54783610498898
M028 NA19762 0.415009517130836 0.0216514726507714 0.563339010218393
M028 NA19763 0.252366760168303 0.0455570026046884 0.702076237227009
M031 NA19770 0.444913344019235 0.12595171308355 0.429134942897215
M002 NA19670 0.553596473652575 0.00444550190342617 0.441958024443999
M014 NA19716 0.366146563814867 0.143658585453817 0.490194850731316
M024 NA19750 0.819374874774594 0.0190217391304348 0.161603386094971
M037 NA19789 0.428120617110799 0.0808705670206371 0.491008815868563
M011 NA19685 0.527737427369265 0.0674839711480665 0.404778601482669
M009 NA19679 0.956346423562412 0.0158159687437387 0.0278376076938489
M005 NA19652 0.742887196954518 0.0360774393909036 0.221035363654578
M032 NA19786 0.59013724704468 0.00737577639751553 0.402486976557804
2382 NA19672 0.506536766179122 0.00747595672209978 0.485987277098778
2394 NA19737 0.431752153876979 0.0911265277499499 0.477121318373072
2395 NA19740 0.29106141053897 0.0178070526948507 0.691131536766179
2395 NA19741 0.210240933680625 0.00970496894409938 0.780054097375276
2414 NA19792 0.674676918453216 0.151986074934883 0.173337006611901
2405 NA19764 0.475756361450611 0 0.524243638549389
